1048573
1048571
1048559
1048549
1048517
1048507
1048447
1048433
1048423
1048391
1048387
1048367
1048361
1048357
1048343
1048309
1048291
1048273
1048261
1048219
1048217
1048213
1048193
1048189
1048139
1048129
1048127
1048123
1048063
1048051
1048049
1048043
1048027
1048013
1048009
1048007
1047997
1047989
1047979
1047971
1047961
1047941
1047929
1047923
1047887
1047883
1047881
1047859
1047841
1047833
1047821
1047779
1047773
1047763
1047751
1047737
1047721
1047713
1047703
1047701
1047691
1047689
1047671
1047667
1047653
1047649
1047647
1047589
1047587
1047559
1047551
1047539
1047533
1047511
1047499
1047491
1047479
1047469
1047467
1047419
1047391
1047379
1047373
1047367
1047341
1047323
1047317
1047313
1047311
1047307
1047289
1047283
1047281
1047271
1047247
1047239
1047229
1047199
1047197
1047173
